\Problem name: 

Minimize
obj: x0 + x1 + x2 + x3 + x4
Subject To
cons0:  5 x0 + 2 x4 >= 16
cons1:  8 x1 + 2 x2 + 2 x3 >= 8
cons2:  3 x2 + 6 x3 + 3 x4 >= 24
cons3:  x1 + x3 >= 1
cons4:  4 x0 + 4 x2 + 4 x4 >= 32
cons5:  - x0 + 16 x1 >= 0
cons6:  24 x1 - x2 >= 0
cons7:  8 x1 - x3 >= 0
cons8:  32 x1 - x4 >= 0
cons9:  -143 x1 -36 x4 -35 x3 -72 x0 -36 x2 <= -413
cons10:  -29 x1 -2 x4 -5 x3 -5 x0 -5 x2 <= -45
cons11:  -63 x1 -2 x4 -9 x3 -5 x0 -9 x2 <= -61
cons12:  -29 x1 -2 x4 -5 x3 -5 x0 -5 x2 <= -45
cons13:  -272 x1 -93 x4 -2 x3 -144 x0 -74 x2 <= -836
cons14:  -7.05556 x0 -14.22222 x1 -3.55556 x2 -3.55556 x3 -3.22222 x4 <= -39
cons15:  -0.06944 x0 -0.40278 x1 -0.06944 x2 -0.06944 x3 -0.02778 x4 <= -0.62500
cons16:  -0.55556 x0 -14.22222 x1 -2.55556 x2 -3.55556 x3 -0.22222 x4 <= -14
cons17:  -0.55556 x0 -10.66667 x1 -0.55556 x2 -8 x3 -0.22222 x4 <= -12.44443
cons18:  -4.44444 x0 -17.77778 x1 -4.44444 x2 -4.44444 x3 -3.02778 x4 <= -37
cons19:  0.88889 x0 + 1.76543 x1 + 0.44444 x2 + 0.43210 x3 + 0.44444 x4 >= 5.09877
cons21:  0.18519 x0 + 2.33333 x1 + 0.33333 x2 + 0.33333 x3 + 0.07407 x4 >= 2.25926
cons22:  0.06173 x0 + 0.35802 x1 + 0.06173 x2 + 0.06173 x3 + 0.02469 x4 >= 0.55554
cons23:  1.77778 x0 + 3.35802 x1 + 0.91358 x2 + 0.02469 x3 + 1.14815 x4 >= 10.32099
cons24:  0.29630 x0 + 0.91358 x1 + 0.09877 x2 + 0.02469 x3 + 0.14815 x4 >= 1.50617
Bounds
 0 <= x0 <= 16
 0 <= x1 <= 1
 0 <= x2 <= 24
 0 <= x3 <= 8
 0 <= x4 <= 32
Integers
End
